0001001000010000000000000000000000000000000000000000000000001010        
0001001000100000000000000000000000000000000000000000000000000100        
0010000000000000000000000000000000000000000000000000011011110001        
0010000000000000000000000000000000000000000000000000001011110010        
011100000001(10)                                                      
011100000100(8)                                                        
0010000000000000000000000000000000000000000000000000001000010010        
011100000000(2)                                                         
0010000000000000000000000000000000000000000000000000001000100001        
011100000000(2)                                                         
000100110001(14)                                                        
0000000000000000000000000000000000000000000000000000000000000000        




